128 128
46	44	39	53	32	30	28	26	27	29	31	22	10	10	63	126	130	136	139	140	102	57	116	120	116	109	113	121	128	131	131	132	127	99	56	84	99	92	89	99	99	101	101	111	112	113	113	97	50	90	118	98	84	78	55	55	73	69	67	64	61	56	40	73	104	113	113	83	80	76	78	64	130	122	81	162	204	187	157	110	93	90	106	198	114	116	219	217	75	66	109	86	67	78	55	56	69	67	57	77	107	193	215	210	191	179	126	47	53	127	182	181	174	169	156	139	121	95	74	54	49	51	74	106	108	214	166	76	
114	50	42	41	38	30	29	29	28	30	22	10	11	10	37	134	141	143	144	143	119	65	118	132	123	113	120	116	111	120	128	132	130	122	64	66	108	112	112	95	83	93	102	94	91	108	116	111	65	62	116	120	90	84	82	69	45	67	77	77	75	53	53	51	92	107	116	103	86	111	91	85	85	175	79	124	205	200	173	132	99	89	93	168	150	97	194	222	128	60	93	114	80	66	70	64	72	70	50	80	86	159	210	212	201	185	154	62	41	98	172	185	179	171	161	147	127	105	77	56	54	66	95	102	76	196	206	85	
111	112	110	107	106	94	78	59	46	20	11	10	10	11	14	101	115	127	140	143	140	86	80	133	137	135	120	109	119	127	117	117	120	126	81	46	99	113	117	117	116	88	73	97	103	102	94	96	77	51	106	122	112	88	86	86	78	43	63	81	89	117	56	43	105	111	108	110	83	106	117	109	75	178	101	98	185	208	185	150	108	91	90	123	187	98	152	220	188	64	79	114	79	65	87	70	75	70	61	68	79	109	197	211	208	190	167	94	41	68	150	184	182	174	167	152	135	114	85	65	65	79	93	88	81	155	214	127	
122	128	129	128	124	120	117	117	116	33	11	10	10	10	9	97	133	128	117	121	135	104	57	125	138	137	138	136	110	109	130	130	118	103	75	53	80	114	120	118	119	123	110	66	86	108	106	108	94	41	72	114	118	100	89	89	88	82	47	63	110	127	84	37	102	119	120	119	90	90	104	114	86	132	157	84	154	211	195	167	123	94	88	100	188	124	107	212	221	90	58	100	104	77	59	63	64	70	65	54	74	87	164	209	210	199	171	123	47	47	119	178	182	177	169	157	141	123	100	75	73	81	71	104	98	97	209	172	
117	119	123	126	121	112	106	102	100	56	12	10	11	12	9	51	107	131	137	134	117	76	53	83	130	138	139	136	136	123	100	128	137	134	110	62	48	106	117	118	123	123	124	118	70	81	108	110	116	73	40	105	120	118	95	88	91	90	83	52	93	124	115	46	72	118	122	121	109	87	115	110	104	90	195	87	116	202	205	177	141	101	88	89	146	165	93	180	221	151	58	90	91	71	42	11	24	47	65	72	73	75	116	198	209	205	184	137	66	40	86	160	183	178	172	161	146	131	111	80	76	80	69	108	94	66	177	205	
132	124	117	114	99	86	83	81	82	66	10	10	11	11	10	35	125	99	131	137	141	132	68	60	117	124	132	138	138	140	129	96	126	135	136	93	45	93	115	119	121	121	124	125	124	91	85	108	114	91	38	91	120	125	127	100	88	89	89	109	74	110	125	69	46	111	121	122	115	82	115	122	117	82	167	120	91	174	209	188	157	111	90	90	110	191	104	132	221	205	68	71	90	80	68	14	10	30	57	29	43	58	74	166	210	209	197	150	78	42	59	131	179	183	175	164	150	133	96	75	75	74	68	89	81	89	129	209	
137	129	113	81	36	33	33	35	39	46	17	13	11	11	10	12	127	132	101	127	139	143	103	54	118	136	133	130	134	137	139	131	102	126	136	121	56	68	122	129	129	125	123	126	124	127	84	86	117	112	48	80	120	127	131	130	111	94	94	123	112	76	109	91	41	97	123	119	119	91	98	119	124	101	109	172	84	135	209	199	171	127	94	87	93	176	136	95	204	222	110	58	89	97	78	35	8	17	33	10	49	64	43	106	200	210	207	183	90	50	43	97	161	189	178	166	148	105	72	65	68	51	45	51	64	105	85	203	
126	135	60	33	38	38	39	41	40	41	30	16	10	10	10	9	96	142	138	112	132	141	131	57	103	137	138	138	137	135	135	137	126	90	128	134	83	47	114	129	131	133	129	129	128	127	126	81	90	112	70	62	119	132	131	131	131	130	124	126	126	90	82	103	52	68	117	121	121	106	91	118	120	115	83	186	94	101	193	206	183	146	105	88	89	133	176	92	165	222	170	59	81	91	79	61	9	10	27	17	24	59	48	49	173	206	209	200	124	54	38	67	135	183	180	162	105	46	56	47	53	12	46	51	38	86	74	176	
118	124	102	90	93	94	86	75	69	47	12	11	12	15	12	10	60	141	142	133	101	134	142	88	75	133	136	138	137	138	138	136	137	119	96	126	103	52	94	128	131	130	132	132	132	133	133	123	77	106	96	52	104	128	134	134	135	135	133	130	130	99	77	102	65	43	86	112	114	118	88	116	123	127	87	130	139	88	165	211	194	163	119	91	85	102	193	110	109	215	215	76	61	92	81	67	20	7	23	37	32	26	38	49	128	199	208	209	175	65	39	42	102	156	149	93	64	34	46	37	53	10	39	59	43	51	97	130	
132	131	131	133	168	183	173	140	100	71	15	13	48	28	12	7	23	138	138	131	128	108	135	110	64	127	135	138	136	137	140	140	138	136	105	99	125	70	68	126	132	131	131	132	135	134	137	138	105	90	102	56	56	113	126	129	133	136	134	134	126	80	97	111	97	43	48	80	95	104	97	94	110	101	95	80	173	86	124	208	203	176	133	98	86	87	154	150	89	187	219	132	55	86	82	62	37	8	14	33	65	53	53	64	93	181	204	205	197	113	45	37	53	74	56	18	32	36	52	46	59	31	16	35	37	41	100	95	
136	136	179	207	217	216	211	189	141	110	19	19	65	45	26	11	7	116	138	141	135	105	102	130	67	104	136	138	136	138	140	138	137	134	126	90	100	79	49	106	125	133	134	132	135	134	137	138	101	93	114	76	37	65	95	107	121	126	121	113	95	102	115	119	118	61	40	89	103	104	97	70	94	109	110	70	146	111	98	185	210	187	154	107	88	93	92	175	95	141	219	194	62	74	94	74	57	15	7	16	60	69	75	82	91	149	197	190	191	174	66	38	37	59	75	59	42	52	68	71	78	69	47	28	34	48	89	87	
131	139	161	193	204	214	212	203	180	155	34	15	18	54	50	16	9	83	139	141	142	130	105	114	79	66	121	133	133	138	139	137	137	134	120	89	114	103	60	43	93	110	124	128	132	135	134	113	86	102	123	111	49	55	93	104	106	105	113	121	128	128	126	123	122	84	45	94	113	106	100	88	78	97	102	93	100	156	86	152	211	198	168	128	112	78	84	169	121	97	207	219	90	58	83	74	97	75	34	24	27	32	30	28	33	83	184	188	185	191	102	36	44	62	61	63	68	69	73	82	92	75	72	63	65	63	69	105	
129	133	142	120	133	173	182	180	151	108	51	17	11	44	59	30	11	38	139	140	141	118	105	132	120	55	58	103	114	126	130	133	133	120	94	111	126	129	80	38	84	101	99	107	111	121	118	114	123	119	112	119	66	48	110	117	109	105	114	110	109	114	126	127	125	110	52	67	111	116	115	88	62	99	114	107	77	178	91	110	202	207	179	145	112	94	81	132	162	88	171	218	153	58	80	32	81	84	56	74	78	75	67	56	62	77	152	177	183	181	113	45	34	32	28	28	28	41	37	33	35	41	58	63	65	64	59	94	
101	123	134	125	119	128	130	127	110	98	82	76	11	24	60	44	16	9	97	128	119	105	123	131	137	84	47	102	110	105	109	114	119	116	125	131	131	128	103	52	74	106	107	106	110	110	113	122	131	133	128	119	81	49	98	124	128	125	106	101	119	122	111	111	116	120	73	41	106	114	115	105	78	91	85	116	83	137	131	91	176	210	189	160	123	86	84	99	183	98	123	217	206	66	66	43	50	76	66	70	83	82	81	72	76	81	85	90	90	103	92	75	64	61	53	60	60	57	73	74	64	61	75	51	55	54	33	74	
56	101	113	108	86	80	83	92	95	90	92	88	22	15	56	60	19	8	42	127	133	131	134	134	136	112	54	104	120	116	114	113	109	110	121	132	131	130	123	67	49	106	117	117	102	100	115	111	106	117	130	130	118	57	70	122	129	130	130	123	95	107	123	126	115	104	67	49	80	110	111	112	80	103	104	76	96	87	172	85	136	211	201	175	137	96	83	84	164	132	89	198	217	112	55	71	30	76	79	67	79	80	75	70	78	79	78	76	64	74	78	76	70	62	73	79	79	54	79	80	73	75	62	73	84	85	57	69	
50	105	123	123	86	69	65	61	55	31	25	21	17	15	44	62	27	10	14	104	113	120	135	136	136	133	71	67	129	132	125	114	115	119	112	108	111	127	127	87	44	96	118	119	122	118	93	96	120	118	110	112	117	74	47	112	127	128	128	131	129	102	90	125	126	127	111	50	59	100	106	104	88	91	115	114	99	73	164	99	102	197	209	184	149	109	84	82	120	171	88	157	219	172	57	74	26	61	81	65	77	81	81	75	82	75	80	77	64	66	77	70	78	62	76	82	83	65	78	82	78	75	60	71	83	85	71	68	
57	82	124	122	111	77	56	55	47	32	19	18	17	16	17	33	35	17	9	83	126	125	116	119	133	137	100	45	110	132	135	134	126	104	116	123	123	110	108	92	52	67	116	122	126	122	126	105	81	111	123	124	108	63	49	86	117	123	124	132	132	132	109	85	119	125	130	70	52	101	107	103	94	79	111	117	120	85	107	144	86	164	210	194	164	125	86	81	93	181	106	107	210	216	78	56	54	45	81	74	73	78	83	81	76	78	79	80	75	60	78	76	82	69	74	80	80	81	72	78	74	76	61	65	80	83	78	68	
81	51	123	120	126	84	53	62	53	34	12	13	13	14	11	9	44	26	12	70	111	114	131	131	123	116	103	56	76	125	134	135	135	132	107	102	129	132	130	109	50	56	113	127	129	129	129	131	121	79	103	124	127	123	59	50	105	114	118	127	130	132	132	115	87	115	124	99	40	84	106	106	101	75	102	111	113	106	73	174	82	121	206	204	177	140	95	82	81	150	147	88	183	216	134	55	72	26	77	84	68	70	79	83	75	84	79	80	77	61	75	77	77	75	66	79	83	83	75	75	81	75	73	55	79	84	85	66	
108	48	95	108	131	94	53	47	41	7	10	12	12	12	10	8	20	98	34	63	134	122	105	131	136	137	115	56	49	119	133	136	132	136	136	116	94	128	134	134	103	48	87	123	129	131	131	132	133	127	85	105	125	129	79	42	105	121	121	119	120	125	128	132	108	80	117	121	54	63	110	112	109	80	89	105	106	113	77	149	113	95	185	206	189	155	114	84	81	108	177	91	135	216	195	61	71	34	63	81	69	72	66	72	72	72	75	79	77	65	67	77	78	75	61	73	84	82	76	70	73	75	69	53	82	83	83	70	
103	64	120	55	133	115	63	37	30	17	16	12	12	12	10	8	12	86	60	55	133	135	132	99	126	137	138	106	51	120	133	136	135	136	136	137	122	102	130	135	131	54	68	119	130	131	129	131	133	135	130	86	107	128	109	42	86	126	129	129	129	121	120	123	128	99	86	117	80	51	105	116	114	100	80	108	102	103	100	96	161	86	148	208	199	169	127	89	81	90	175	116	96	196	218	96	55	61	45	78	73	76	76	75	78	67	77	73	72	72	54	69	69	66	61	74	81	82	80	74	80	80	78	57	79	82	83	72	
132	69	101	74	137	122	99	44	43	41	26	9	11	12	10	8	12	53	93	30	127	132	137	133	104	125	134	131	55	84	128	132	133	136	137	136	138	121	94	130	139	83	54	109	124	129	133	133	131	134	136	126	84	113	126	67	59	123	131	132	133	132	129	125	123	122	78	84	101	45	91	117	118	111	76	107	111	110	109	74	175	93	109	200	206	181	140	102	78	80	133	159	85	162	217	159	53	73	29	73	79	67	74	76	77	69	78	77	74	76	61	77	79	79	76	67	80	82	80	75	83	85	88	76	66	78	81	71	
140	121	65	138	142	129	119	53	58	59	49	11	11	11	11	9	12	16	110	45	92	130	134	137	132	99	126	131	88	59	126	133	134	133	134	137	138	140	116	100	134	114	54	90	121	128	131	133	133	134	134	135	119	92	118	95	50	115	130	133	133	132	134	134	131	126	104	76	90	51	63	105	113	115	88	97	115	114	120	85	132	138	93	169	209	192	157	120	82	79	102	177	94	117	213	211	63	64	43	54	74	66	73	78	79	76	73	76	76	77	68	71	82	80	80	65	72	81	81	75	79	87	90	83	64	75	83	75	
136	139	71	122	143	146	128	52	53	57	50	12	12	12	12	10	11	11	87	73	49	127	129	133	139	130	104	129	117	53	110	136	138	136	136	136	136	137	138	107	111	134	68	72	119	131	132	135	136	133	138	138	139	104	94	112	55	74	119	130	131	133	133	134	133	133	95	73	102	82	43	62	82	98	93	79	114	113	115	98	90	181	88	128	209	202	171	134	90	77	83	159	127	88	193	219	119	51	65	45	73	68	73	78	80	80	68	76	77	76	77	58	78	78	76	70	67	76	81	80	72	84	89	84	72	70	85	81	
116	138	104	99	136	147	121	83	69	63	56	41	28	24	26	26	14	14	51	100	28	118	129	135	137	140	120	111	131	73	82	133	135	137	137	137	134	137	138	136	99	117	87	64	112	129	134	135	134	133	138	140	140	115	89	109	68	39	84	102	117	122	128	132	127	107	75	99	113	114	55	38	62	65	82	67	73	88	81	94	80	174	109	100	191	209	184	147	104	78	77	118	165	84	153	217	180	54	71	46	71	76	69	75	82	77	73	78	75	78	77	59	73	77	78	80	64	75	77	79	70	80	87	82	83	69	81	83	
105	123	129	68	133	128	95	86	79	72	64	55	48	49	45	38	37	41	91	118	44	83	131	133	138	141	138	103	111	95	54	106	124	132	136	137	139	137	137	134	85	106	102	57	70	107	123	128	132	136	137	139	136	92	105	123	103	44	54	81	87	95	99	107	105	101	107	117	117	115	80	41	70	57	57	59	55	79	86	100	95	125	159	86	154	211	196	163	121	82	75	92	175	102	103	208	215	79	53	60	58	75	68	82	82	81	80	67	71	78	79	67	68	78	79	80	61	72	78	80	76	71	86	80	80	70	82	84	
134	109	128	88	82	95	89	87	82	74	67	60	58	51	49	46	57	46	95	130	83	48	134	134	136	139	135	88	112	109	62	49	97	115	123	128	134	131	121	99	88	117	128	80	45	105	113	115	116	124	123	117	101	108	124	127	127	65	44	80	85	90	92	93	94	101	109	118	118	117	107	47	58	67	64	55	51	58	75	80	96	89	193	90	116	205	205	174	138	94	76	78	142	145	82	178	216	139	49	67	38	71	59	30	53	58	64	50	58	71	75	74	55	71	78	79	72	58	74	81	80	62	82	82	80	77	81	80	
144	113	107	101	56	90	108	92	86	76	63	64	59	48	61	102	104	62	39	93	119	35	111	130	130	124	101	104	126	130	86	39	83	108	106	111	114	115	109	114	124	129	129	105	52	101	122	119	121	112	117	125	132	131	134	131	128	90	42	73	93	94	87	81	90	104	102	95	102	113	120	75	40	74	66	64	62	52	45	54	72	83	164	125	95	179	212	186	150	109	78	77	104	171	86	133	215	197	54	68	37	54	59	15	8	27	53	53	46	60	65	59	45	65	66	61	67	57	63	73	73	52	66	72	75	79	65	66	
135	93	117	131	80	37	82	106	110	83	59	107	87	63	88	117	118	82	37	76	129	61	64	120	127	129	129	133	132	131	110	49	62	109	112	110	111	109	113	125	131	132	133	130	69	66	124	130	125	115	123	120	115	119	132	129	129	112	52	47	89	96	97	98	93	73	96	105	105	100	103	100	52	70	66	64	63	61	60	45	42	91	107	175	86	141	212	197	166	123	87	76	84	166	115	90	199	218	96	51	59	50	66	34	8	21	50	16	42	61	47	58	40	63	51	22	52	46	56	59	70	70	62	59	60	67	57	65	
101	109	130	136	102	45	72	104	103	101	104	113	117	118	118	118	123	105	51	58	118	95	37	109	108	114	125	134	134	131	129	73	37	93	119	117	108	105	117	111	110	121	132	133	93	46	109	130	133	136	126	114	127	132	121	118	122	120	75	32	69	89	95	96	105	105	75	78	105	107	106	86	48	55	60	57	60	60	59	61	47	65	84	189	98	104	199	205	177	137	96	75	76	125	155	79	162	216	161	48	69	33	68	59	9	9	40	10	34	65	48	33	41	47	33	17	68	55	32	55	67	54	18	56	49	53	54	54	
133	136	135	132	127	64	51	107	110	106	109	100	103	111	123	125	127	121	70	36	92	118	37	92	112	113	116	113	118	129	130	96	43	63	107	123	126	116	97	105	122	120	112	119	110	53	78	127	131	133	135	131	113	117	134	135	127	108	73	45	68	100	97	96	106	110	112	85	72	100	101	109	58	38	72	54	52	53	56	58	59	58	91	141	142	91	168	211	189	155	107	79	75	96	171	91	113	210	210	62	61	38	52	65	23	7	24	17	19	38	43	24	52	37	45	13	40	61	33	42	57	41	11	55	56	37	51	40	
119	130	135	136	134	93	38	83	115	115	104	101	110	109	105	106	118	123	92	39	58	121	66	61	124	115	105	119	126	115	108	100	54	42	99	112	124	126	125	105	92	122	128	127	101	54	58	117	124	130	134	134	133	116	102	133	137	135	113	60	33	87	106	107	106	106	111	112	93	69	96	106	84	33	76	61	59	56	50	46	51	54	91	93	186	88	125	208	200	168	124	85	74	80	150	127	80	180	212	117	47	62	28	35	29	6	12	27	28	34	49	44	53	38	53	38	18	38	45	55	52	59	26	20	42	39	47	43	
129	122	115	123	131	119	50	49	100	116	116	113	96	101	119	122	110	102	92	53	40	114	96	35	118	122	116	103	115	128	130	104	48	40	100	116	118	123	125	130	119	84	120	131	131	103	49	94	120	126	129	133	133	135	123	95	127	134	135	83	37	67	92	99	103	107	105	108	109	86	65	98	105	42	60	68	60	59	54	51	48	47	69	83	174	112	100	190	206	180	137	99	75	75	110	147	74	130	163	141	47	68	35	28	33	9	6	24	42	47	44	52	56	49	48	54	53	44	50	60	59	64	58	34	30	39	57	61	
106	121	132	128	118	103	66	38	99	111	115	116	118	107	96	121	129	128	105	44	37	94	125	47	88	118	120	127	105	107	125	129	107	49	59	102	114	119	121	126	131	126	94	120	129	128	54	73	123	128	127	128	131	133	139	129	95	125	134	112	46	58	88	104	105	103	104	107	111	109	80	73	104	66	43	77	61	59	56	53	52	51	49	90	114	161	86	154	208	192	152	109	78	71	83	142	84	94	156	162	65	53	54	35	34	17	7	26	53	66	69	69	72	72	73	75	69	68	72	69	66	73	67	70	62	65	66	64	
139	113	109	132	135	132	82	46	85	116	120	117	120	119	113	92	120	131	129	96	45	50	114	75	53	119	120	125	130	110	103	122	128	61	44	99	110	112	119	121	124	132	124	86	117	133	87	57	119	131	134	133	131	131	133	135	121	87	125	132	72	38	82	104	110	108	107	112	117	112	109	70	79	87	40	78	60	58	55	52	53	52	48	79	79	184	85	110	181	180	149	110	83	72	70	126	108	70	143	158	108	46	65	35	34	27	9	27	32	32	28	28	33	35	37	38	50	45	50	52	58	66	65	71	69	78	77	67	
139	138	115	103	131	136	129	62	52	97	114	116	117	119	119	116	101	121	129	121	53	40	96	108	32	105	116	118	125	129	103	99	126	97	41	86	111	114	118	119	122	126	131	121	90	123	110	53	98	128	134	135	134	133	132	132	134	113	96	122	95	49	80	103	108	111	107	113	120	119	117	100	71	85	48	64	64	59	56	53	53	52	44	57	67	122	103	83	145	157	142	118	89	74	68	97	133	68	114	157	144	50	64	40	34	32	19	57	67	69	56	52	45	43	36	37	58	54	50	52	40	42	36	33	32	33	31	31	
135	140	138	117	104	129	136	88	43	87	105	112	114	116	119	119	115	91	120	131	85	33	73	126	51	76	117	116	120	126	131	102	109	119	55	72	107	112	114	113	121	130	128	131	109	102	120	67	79	125	131	134	136	136	136	136	137	134	97	102	117	60	65	103	112	111	113	116	122	123	122	94	61	82	70	53	59	51	53	53	52	47	43	41	61	83	126	71	123	157	150	126	98	77	66	75	140	88	82	152	157	78	46	57	35	31	24	47	71	71	71	57	59	57	51	47	71	77	78	80	60	71	72	73	63	50	77	70	
131	133	138	139	109	97	130	116	52	77	112	116	110	112	116	118	126	117	96	122	105	45	59	114	79	44	118	118	121	126	133	131	102	117	88	54	109	117	116	114	122	127	131	135	132	100	108	89	61	111	129	134	134	135	135	134	138	140	117	87	103	68	41	81	97	104	110	116	121	121	105	71	81	97	100	52	39	50	41	37	40	38	37	32	45	58	130	80	94	151	155	134	109	83	66	65	115	115	65	135	157	119	46	65	37	28	24	31	65	69	74	64	65	66	59	52	59	75	77	77	60	69	69	75	70	61	75	78	
132	134	135	136	135	105	106	127	74	57	109	116	110	108	112	114	122	129	112	105	121	69	40	99	114	34	108	120	124	125	131	135	106	92	98	52	89	114	115	119	129	131	133	137	136	86	92	100	57	67	103	120	124	132	135	136	137	136	92	89	110	95	47	59	93	92	96	101	107	106	103	104	104	104	103	71	42	63	49	44	35	34	34	36	39	57	97	106	74	138	156	144	118	89	70	63	86	137	69	102	153	150	54	57	52	36	37	28	58	69	73	71	61	65	63	62	53	71	73	76	73	59	68	73	68	70	68	80	
132	134	135	134	138	135	101	110	99	53	99	115	114	109	109	111	118	127	126	97	108	89	38	68	126	59	71	118	125	125	125	130	81	87	105	71	43	95	111	119	124	129	131	127	101	80	112	124	83	41	91	106	110	112	119	119	111	94	87	107	118	116	64	47	95	101	98	99	94	98	108	115	111	110	105	93	45	54	54	48	42	41	39	34	35	53	64	129	70	112	153	150	127	99	76	64	68	132	94	72	141	152	92	44	59	53	42	28	38	69	70	72	60	67	67	69	55	67	71	77	79	68	68	70	66	76	61	77	
132	132	133	135	137	138	109	96	101	57	69	105	112	111	108	108	116	124	122	77	102	99	55	40	105	91	39	107	108	111	105	85	83	105	115	86	20	79	107	105	107	119	122	113	113	122	122	125	106	52	89	112	113	111	108	112	119	118	120	117	119	121	89	46	84	107	111	96	93	104	103	97	97	100	104	102	64	39	56	52	51	46	37	40	44	49	53	116	86	88	147	153	135	110	83	69	63	103	120	62	120	151	131	46	62	37	32	35	29	55	68	71	66	69	68	66	70	61	75	77	80	76	82	68	69	76	70	75	
126	131	131	133	133	134	86	101	123	87	41	78	96	100	103	100	102	103	86	87	113	121	79	31	83	121	39	76	97	107	110	111	120	121	118	42	7	56	102	110	111	106	105	113	117	126	126	128	123	67	58	111	119	113	112	114	113	108	110	118	120	118	112	59	55	101	108	111	108	93	86	104	105	100	89	84	71	42	54	51	52	50	49	43	33	44	55	76	112	70	130	153	142	121	91	71	60	76	135	75	87	149	154	64	48	56	34	31	30	38	58	60	64	63	67	66	71	65	71	72	76	76	63	67	67	72	70	64	
108	111	119	117	110	88	94	115	124	109	51	75	99	99	96	97	102	106	108	117	120	120	97	39	66	124	66	52	100	96	97	104	120	127	99	29	34	38	83	112	111	109	111	115	109	98	104	117	118	89	43	94	120	124	125	113	103	114	121	109	109	110	111	76	37	86	106	110	112	112	105	82	91	105	99	99	64	46	50	46	46	48	47	50	46	32	42	51	124	72	102	148	148	129	98	74	60	65	120	104	64	137	152	104	42	60	41	33	34	31	70	66	75	57	71	68	66	68	59	61	62	61	60	68	65	72	74	58	
110	108	106	111	121	122	125	126	125	126	71	57	103	104	100	102	95	95	107	116	118	121	112	57	38	104	101	32	100	95	102	106	99	85	59	37	35	29	49	85	93	102	113	107	109	122	111	98	102	106	48	61	110	121	123	126	123	101	103	119	122	114	102	74	46	71	98	106	108	110	112	114	79	78	100	101	108	54	34	56	46	44	44	45	47	48	34	50	89	94	74	135	147	132	110	82	67	62	94	129	65	108	150	141	47	58	44	31	35	27	60	70	75	69	66	64	59	69	64	70	67	67	55	68	64	71	73	61	
116	113	107	113	108	107	111	125	125	126	93	46	93	112	114	100	92	101	103	98	103	114	113	81	29	76	127	45	84	112	103	92	95	52	45	45	46	50	55	58	57	58	58	60	64	70	80	86	82	66	57	49	89	102	117	123	122	123	108	91	118	124	125	109	54	42	94	101	101	103	107	115	117	82	76	96	103	74	33	56	49	47	44	41	39	45	44	52	55	113	65	119	148	142	122	90	71	62	72	134	83	75	144	151	77	43	55	36	35	29	48	73	74	75	58	63	59	64	63	68	62	71	57	61	59	70	70	70	
106	119	121	110	100	112	112	102	108	120	116	50	61	104	113	112	104	92	92	107	109	97	100	86	39	54	120	77	50	113	115	103	56	44	44	48	51	53	55	56	57	57	57	57	58	59	59	59	60	60	59	59	59	59	58	59	63	67	73	83	84	105	120	126	84	40	71	95	98	98	94	100	110	112	80	67	98	95	46	41	51	49	46	43	40	39	39	49	45	112	77	91	146	147	130	102	73	63	63	109	112	60	125	151	118	42	57	34	33	33	32	67	67	73	61	59	49	53	63	64	62	70	70	59	62	70	72	72	
84	113	121	129	123	97	101	115	115	107	97	57	50	80	80	76	82	103	98	83	101	110	109	93	42	46	104	108	31	96	107	61	41	44	49	49	50	53	54	55	56	56	57	57	57	58	58	58	57	57	57	57	55	56	55	55	57	59	48	29	118	83	102	120	112	41	60	93	98	98	95	95	96	102	108	76	69	96	63	27	55	48	49	46	42	40	39	37	50	77	105	71	133	148	137	113	79	65	62	83	132	68	95	146	145	55	52	32	40	52	36	65	71	71	67	55	49	51	55	60	68	68	69	69	58	70	69	70	
73	112	119	124	128	128	105	90	111	118	119	84	29	44	61	64	65	61	81	99	79	92	106	112	85	40	76	126	48	66	67	42	48	52	49	52	52	53	53	55	56	56	56	58	57	57	57	57	57	58	58	57	57	56	55	55	55	52	26	23	88	113	74	106	121	72	44	91	101	97	100	101	92	98	96	97	63	72	73	35	50	50	51	48	47	45	42	40	49	53	123	68	109	146	143	124	90	66	61	67	125	97	70	153	183	113	41	50	33	49	44	38	66	65	68	39	51	47	52	52	64	71	70	69	60	69	69	69	
51	108	117	121	124	126	126	107	85	108	116	95	31	31	54	59	60	60	60	71	93	79	88	104	105	42	56	113	81	31	40	45	46	50	50	50	52	53	55	55	55	56	56	57	58	57	57	57	57	57	57	56	57	55	58	56	54	32	24	24	52	117	104	78	109	94	44	86	105	101	102	106	107	104	104	99	83	59	74	46	47	56	54	51	49	47	46	43	45	51	98	85	82	143	145	132	104	71	63	63	100	138	67	123	203	178	46	56	27	44	52	19	18	37	56	52	53	53	55	50	53	65	66	65	53	52	65	69	
39	75	109	116	119	121	124	127	110	82	93	73	47	22	48	57	57	59	57	60	67	93	69	87	103	72	41	89	113	58	54	53	51	50	49	48	47	48	48	48	49	50	51	51	52	53	54	55	55	56	56	57	56	57	56	55	38	24	25	25	25	107	119	96	91	104	57	65	104	106	107	111	111	109	111	111	82	53	73	58	36	52	48	51	51	47	45	46	45	54	64	113	67	126	147	138	115	82	65	62	76	148	89	83	182	202	80	44	37	35	52	31	6	18	42	21	38	45	51	57	50	57	47	46	47	54	55	59	
45	64	108	116	119	120	118	122	123	86	49	65	62	21	38	54	56	57	56	56	57	66	88	70	88	87	43	69	84	55	54	55	55	54	54	55	56	55	54	56	56	57	57	57	61	58	57	56	56	56	54	53	50	49	49	41	23	24	25	25	26	75	125	110	74	91	70	46	84	98	106	109	112	113	111	95	55	66	82	80	40	32	38	37	42	41	43	43	38	39	50	117	72	100	166	168	150	106	68	63	64	118	128	67	149	203	139	40	50	27	49	51	8	10	30	8	44	54	36	48	43	58	16	45	55	41	48	54	
77	49	99	113	121	123	121	119	112	76	50	46	60	32	27	48	53	56	55	53	55	57	65	83	78	90	56	51	60	55	54	55	57	56	55	56	55	54	55	54	55	55	55	57	56	56	57	58	59	58	56	57	55	56	50	27	25	25	24	25	26	40	122	87	65	87	90	47	51	82	89	95	100	95	85	73	79	89	87	90	58	24	42	39	36	36	35	33	29	31	59	94	123	83	162	194	176	130	75	65	61	88	144	73	102	194	190	51	53	25	43	55	21	6	25	15	19	48	38	37	44	52	20	24	57	49	28	46	
98	48	91	108	117	121	122	120	89	72	66	41	48	43	21	42	49	52	52	52	53	56	60	66	66	81	73	61	54	52	52	54	55	56	55	56	57	56	56	57	56	55	55	57	57	57	58	58	57	58	56	55	53	51	30	26	24	24	24	24	24	24	65	66	82	92	97	61	44	84	91	90	89	90	93	96	98	102	97	90	69	28	39	43	39	36	37	34	32	34	64	63	162	80	123	196	182	148	92	66	61	67	133	102	71	164	201	97	42	42	32	53	35	6	17	37	29	21	28	53	57	45	51	16	27	41	47	53	
117	58	61	99	112	118	120	103	76	72	70	45	40	42	19	27	39	46	48	51	52	54	56	55	27	51	105	91	78	69	65	61	60	57	54	54	53	52	54	53	54	54	55	55	56	56	58	57	58	56	56	56	52	33	25	23	24	24	25	25	25	25	48	94	98	102	100	78	42	75	95	98	90	88	91	92	86	91	96	93	83	44	26	41	42	41	35	32	36	34	48	64	138	100	93	182	189	163	112	70	61	61	100	133	61	125	197	160	41	49	27	56	45	11	10	41	52	49	55	59	61	42	63	55	34	38	47	58	
100	72	42	79	100	107	108	76	72	70	65	33	46	52	30	14	29	36	38	41	44	46	45	31	29	67	129	143	151	152	145	156	155	171	164	155	141	120	101	88	79	71	68	64	62	59	57	54	55	53	53	51	40	24	23	23	24	24	24	24	24	24	27	87	99	99	99	97	53	52	90	97	98	95	84	83	96	91	87	83	75	60	30	42	42	40	38	35	29	29	35	76	81	146	78	148	192	175	133	79	63	59	74	139	73	84	183	197	65	46	33	58	73	34	8	35	54	64	63	62	59	64	69	69	60	63	64	64	
116	102	53	56	85	92	69	61	60	53	42	43	52	53	43	15	27	39	37	35	35	38	40	42	44	45	131	137	139	133	118	137	160	200	219	187	181	187	195	200	203	203	196	188	174	167	162	154	142	126	102	36	24	24	24	24	24	24	25	24	23	24	23	63	83	87	93	93	66	39	79	94	95	95	93	86	74	88	96	95	88	50	41	40	41	39	37	36	35	32	26	65	59	160	84	103	191	182	152	90	65	59	58	113	110	60	148	198	126	40	44	62	51	47	46	31	27	26	33	40	23	29	34	36	37	36	39	41	
123	126	66	51	97	83	59	54	52	55	59	56	54	53	49	21	18	40	42	38	35	33	36	39	46	46	96	133	143	141	127	129	156	179	216	174	213	226	225	225	220	215	213	210	211	208	203	200	198	199	202	103	25	23	24	24	24	24	24	23	23	24	23	36	78	88	89	83	66	42	65	86	92	94	92	89	89	67	80	94	96	88	45	29	46	37	37	33	35	37	34	33	68	114	119	82	168	186	164	117	68	57	56	84	127	59	101	194	177	49	49	62	68	61	70	48	55	54	51	68	41	51	51	41	44	40	45	36	
129	127	91	48	82	73	63	54	53	52	48	48	49	52	49	32	13	29	39	42	38	33	33	33	33	37	56	140	144	144	152	186	215	220	226	197	204	216	219	224	226	229	231	233	234	234	235	235	236	237	237	211	32	24	24	23	25	24	24	24	23	24	24	23	53	72	87	89	76	49	46	80	82	83	88	91	94	92	70	77	92	91	61	26	46	39	38	35	33	33	37	35	70	68	156	74	126	191	175	140	78	59	54	59	121	78	68	167	196	86	42	54	54	53	55	55	51	50	53	69	51	63	66	64	51	52	62	65	
129	127	117	46	42	69	73	71	61	46	49	52	46	43	44	40	15	16	30	35	36	36	34	30	33	35	32	114	140	148	179	163	179	204	218	218	212	235	239	240	247	241	233	230	227	225	226	231	222	211	233	237	81	25	24	23	23	24	24	24	23	24	24	23	54	65	67	84	87	69	34	65	81	81	80	82	86	90	88	67	70	89	76	41	38	39	39	38	35	33	32	33	56	60	146	87	89	182	180	152	102	61	53	52	90	109	56	126	195	145	45	51	60	52	50	62	49	51	51	56	52	58	61	63	58	46	57	63	
106	116	114	48	27	60	72	72	70	66	46	37	47	49	44	34	18	14	28	29	31	32	35	35	29	32	36	77	139	151	178	160	129	154	167	214	176	216	231	233	233	234	235	233	232	233	234	238	234	210	191	223	164	26	24	24	24	24	24	24	24	24	24	23	31	84	73	64	83	84	44	49	83	85	85	82	81	80	84	90	65	73	84	50	29	46	40	39	38	34	32	30	31	72	89	132	71	148	186	163	118	68	54	53	68	124	61	83	183	188	62	56	34	19	26	33	26	40	41	43	60	52	64	66	54	57	52	63	
113	105	72	41	26	51	69	69	68	66	63	47	30	43	46	44	31	12	19	24	27	26	28	31	39	28	27	34	136	149	159	182	134	143	159	201	190	196	228	230	232	233	233	233	235	235	237	237	237	236	211	189	232	58	25	23	24	24	24	24	24	24	24	23	35	77	82	66	66	81	64	35	79	89	91	92	87	83	80	80	83	58	72	59	32	48	42	41	38	36	33	33	33	61	56	157	68	99	186	168	135	79	56	53	53	108	90	58	150	193	111	42	9	5	10	10	7	15	22	21	32	37	46	50	52	60	53	60	
93	92	72	59	38	31	64	67	66	62	61	58	48	27	37	41	40	12	12	23	26	25	24	27	33	37	28	27	97	140	154	184	151	136	157	176	207	175	224	230	231	233	233	234	235	235	235	235	237	237	233	190	240	141	26	25	24	23	24	24	23	24	22	30	70	77	78	78	63	72	72	39	64	87	92	92	94	91	91	89	83	67	62	68	39	43	44	42	38	36	34	33	33	45	62	117	95	75	169	178	154	95	60	52	50	78	112	50	100	175	115	14	6	4	7	11	4	8	15	17	20	23	26	30	37	39	43	53	
70	57	69	76	48	25	50	64	66	62	59	56	57	44	25	35	38	21	10	22	25	26	26	25	24	31	34	23	45	142	152	171	173	131	150	160	210	181	206	229	231	232	233	234	235	235	236	236	237	237	237	212	220	220	38	25	24	23	24	24	23	23	24	61	77	79	79	79	79	63	76	56	39	77	86	89	91	90	90	92	92	70	49	67	46	42	46	41	39	39	37	36	36	34	71	70	144	67	128	182	163	116	66	51	48	56	110	54	60	98	23	18	15	12	8	8	7	8	14	17	16	21	19	25	28	24	29	27	
91	53	53	74	69	23	45	65	66	62	59	57	56	54	35	22	34	27	8	18	24	27	25	27	27	26	27	29	20	119	147	155	184	144	140	159	189	198	185	228	230	231	232	234	236	237	237	237	237	237	237	232	201	241	105	25	24	23	23	23	23	22	51	77	79	79	82	85	84	55	71	61	36	59	75	80	84	88	96	94	88	50	61	75	68	40	31	34	35	35	34	35	34	34	57	50	150	72	86	178	168	133	77	53	45	44	83	68	44	65	17	19	16	16	23	13	10	10	13	16	16	17	17	24	25	22	26	24	
93	88	45	55	72	34	33	65	68	65	62	57	55	53	49	27	23	29	13	13	23	25	23	25	27	28	27	26	24	69	142	154	179	161	131	155	170	213	175	219	230	231	232	234	236	237	238	238	236	236	237	238	201	235	188	28	24	23	23	23	23	36	73	78	81	84	82	84	72	60	76	75	51	34	69	73	74	74	79	69	58	65	77	81	81	49	30	38	33	31	32	34	31	28	33	60	99	112	66	147	173	141	86	54	43	40	57	82	53	36	15	16	14	35	53	35	14	11	12	15	17	16	16	23	25	21	23	22	
97	94	83	42	56	54	28	58	68	66	62	60	57	53	49	41	20	24	19	11	22	25	23	23	27	26	27	27	27	20	138	151	160	183	136	146	159	202	190	196	228	231	232	235	236	237	238	237	238	236	233	234	223	207	236	62	24	22	23	22	30	73	72	72	74	79	76	69	68	76	78	79	63	40	70	78	76	75	72	72	77	77	89	83	83	65	38	37	38	35	31	31	29	33	35	61	51	132	52	84	111	97	75	53	41	37	41	56	13	15	17	16	32	30	53	69	17	12	14	14	15	15	16	19	21	22	21	21	
73	105	95	69	49	60	28	36	56	62	63	60	59	55	51	46	20	24	21	9	12	19	20	22	27	25	26	26	21	11	94	144	157	183	155	135	157	180	207	174	225	231	232	234	236	237	239	237	229	208	196	199	205	205	205	135	25	23	22	23	57	85	84	84	77	68	72	84	89	90	88	84	79	52	60	85	86	83	80	77	77	73	74	81	81	80	48	29	37	37	35	31	30	31	28	37	35	78	53	61	102	94	79	56	41	35	35	28	19	18	12	10	39	29	45	82	25	14	14	17	15	15	17	18	20	19	21	19	
38	105	103	86	48	57	39	26	36	46	52	56	57	55	51	37	21	31	30	12	6	13	16	18	20	22	22	19	14	14	47	142	155	172	173	131	150	160	211	177	208	229	232	234	235	238	239	239	208	201	201	203	205	208	202	202	38	22	22	36	36	64	79	85	77	75	77	67	71	82	96	100	98	76	50	81	83	87	88	84	79	81	83	76	72	74	61	32	34	36	35	34	34	27	28	32	36	51	65	46	89	94	81	62	43	36	33	22	19	20	10	11	14	28	39	76	56	17	13	16	15	16	16	19	16	16	17	19	
40	53	125	77	45	69	69	27	31	47	47	44	42	42	37	33	38	36	33	21	7	15	20	17	16	16	16	16	16	17	18	124	148	156	185	145	139	156	190	197	185	228	231	233	232	211	219	221	223	223	220	216	206	200	190	206	101	24	25	27	22	30	37	50	66	76	69	76	78	71	72	79	93	84	52	69	78	85	91	90	91	82	81	87	85	78	63	33	33	34	35	34	32	31	27	27	34	33	69	40	68	96	78	66	46	36	26	19	17	15	11	12	14	15	28	44	48	30	23	18	17	14	15	18	16	9	13	20	
39	37	58	77	88	78	78	41	34	55	54	50	48	42	43	45	40	37	33	28	9	11	22	20	17	15	16	16	15	17	16	74	141	154	178	161	129	147	164	212	172	218	229	232	229	199	224	202	202	203	203	204	195	184	194	203	177	25	22	29	18	24	31	29	29	40	61	68	71	81	76	70	66	66	56	49	72	79	85	93	99	102	88	81	89	84	82	52	36	34	32	31	31	30	30	28	26	29	57	48	49	91	85	69	52	35	18	18	31	46	41	38	35	31	29	45	86	94	40	8	11	50	35	35	20	7	10	19	
21	21	20	51	72	68	59	48	24	43	58	55	42	42	44	40	39	36	36	32	16	8	19	21	22	20	16	26	25	13	14	24	138	150	158	183	131	124	130	198	188	195	228	231	232	206	224	73	56	65	77	90	104	113	120	131	134	26	18	19	15	16	24	27	32	31	30	35	52	66	78	76	72	66	48	35	68	70	71	77	82	93	103	98	91	100	96	79	49	40	35	32	31	28	29	29	27	29	38	59	37	76	90	71	57	26	18	24	54	59	57	58	58	58	59	59	59	59	56	50	43	54	49	48	23	6	7	17	
24	24	25	22	22	23	23	25	21	20	22	24	24	22	22	25	26	22	25	24	21	17	19	22	20	21	22	20	19	22	15	17	98	141	151	182	148	127	124	142	175	172	223	231	231	224	212	113	23	21	21	21	20	21	22	22	22	19	18	17	10	17	20	21	22	24	29	30	30	31	41	49	59	72	60	35	58	74	74	69	69	72	78	90	98	92	106	106	72	43	37	37	32	29	27	27	30	30	27	61	38	55	90	74	45	19	19	52	58	59	58	58	59	59	59	60	60	60	60	61	60	60	60	42	14	6	7	12	
26	25	25	29	24	22	20	25	27	26	27	26	26	25	25	25	22	18	19	22	22	22	21	20	19	19	19	16	19	19	20	19	53	138	146	164	170	113	129	149	204	177	201	227	231	231	205	186	25	20	20	20	20	21	20	20	19	20	18	14	8	9	9	12	13	15	15	16	19	23	31	36	36	36	46	33	46	85	91	86	79	72	70	71	74	84	88	99	81	56	37	42	36	33	39	29	27	26	27	46	49	39	80	72	22	19	45	58	56	58	57	57	58	58	58	59	60	60	60	60	60	59	52	22	18	6	7	7	
24	24	22	25	27	23	23	23	26	26	25	24	28	26	26	25	24	24	24	23	25	25	26	25	27	20	18	17	18	19	21	25	23	126	139	144	181	135	136	154	188	196	184	228	231	233	213	220	59	21	19	19	20	19	21	20	19	18	19	16	7	7	8	11	10	9	11	12	13	12	14	17	16	16	19	18	15	24	55	83	94	89	82	74	71	69	73	82	81	58	32	35	38	38	38	36	30	28	29	31	59	33	62	38	20	35	58	56	57	56	58	58	57	57	57	58	59	60	60	59	58	55	27	21	20	11	6	8	
29	24	27	29	25	24	25	27	27	24	28	26	28	27	22	22	23	23	24	23	25	22	24	22	33	20	20	22	20	22	28	25	25	78	132	143	167	134	126	152	168	211	173	220	230	232	229	204	129	22	19	19	20	19	20	20	19	18	18	17	11	8	8	8	9	7	7	6	7	8	9	9	10	10	10	11	11	10	12	17	30	45	68	83	83	78	67	76	73	59	39	29	29	32	34	34	32	30	31	25	56	40	32	17	26	57	57	57	55	56	57	57	56	58	57	58	58	59	59	57	57	33	23	20	21	17	5	8	
27	29	31	30	30	35	39	39	36	31	29	29	31	23	24	24	24	25	24	23	25	26	24	26	25	25	23	20	24	25	24	26	22	35	134	141	147	153	132	145	158	203	189	198	229	231	232	205	191	29	20	20	20	20	21	20	19	18	18	18	17	21	24	24	24	23	22	19	19	18	17	14	12	10	9	8	9	9	10	12	12	13	14	15	18	27	29	30	38	35	22	19	21	22	23	26	31	33	32	31	38	55	17	18	53	56	57	57	56	56	56	56	55	57	58	57	59	59	58	59	40	23	22	21	21	21	8	9	
31	31	31	26	32	33	34	27	36	32	33	31	27	27	28	30	41	23	27	27	30	27	32	23	28	26	24	27	24	26	24	23	28	30	106	139	151	179	151	133	157	181	205	177	227	230	233	208	206	85	22	21	20	20	20	19	19	18	17	17	18	21	24	26	27	28	30	31	33	36	39	39	42	44	43	41	38	35	32	31	29	27	25	20	15	11	11	13	12	13	13	12	12	12	12	15	16	17	17	19	19	28	15	46	57	56	56	54	56	56	55	55	56	56	57	59	59	59	59	51	24	21	21	21	20	22	13	7	
33	37	30	35	39	38	37	31	37	37	37	33	30	35	35	34	28	30	32	30	33	36	54	42	36	40	35	26	25	27	25	29	28	33	64	137	149	166	176	130	151	163	213	176	212	229	232	232	201	122	21	21	21	21	21	20	19	18	16	16	19	22	25	28	30	31	33	35	37	39	41	41	42	43	44	44	45	46	47	47	48	49	50	51	51	51	51	49	46	42	40	37	34	31	27	26	22	20	17	16	14	14	36	57	57	57	56	56	56	56	55	55	56	57	56	57	59	59	55	27	22	21	20	21	21	20	17	7	
39	34	32	39	40	40	34	39	43	42	40	33	39	38	38	38	32	33	34	33	31	38	36	34	34	32	30	30	31	30	29	33	36	37	34	129	145	152	182	146	142	158	198	195	189	229	231	235	211	175	41	22	20	20	20	20	20	18	17	18	21	25	27	30	32	36	40	40	41	42	42	43	43	44	44	45	46	47	48	48	50	50	50	51	51	51	51	52	53	53	52	54	53	54	55	55	56	56	55	54	55	54	54	53	52	52	52	52	53	54	54	54	56	56	56	57	58	59	33	23	21	21	21	20	21	20	20	9	
49	43	41	42	42	44	37	48	48	46	43	43	39	39	41	41	39	39	37	33	36	35	41	43	37	42	37	36	35	38	38	38	40	40	32	90	139	152	173	162	131	155	176	211	173	223	230	232	200	206	121	23	21	20	20	19	18	17	19	20	24	28	30	35	40	41	41	41	42	43	44	45	45	45	46	48	47	48	49	49	50	50	50	51	54	53	53	53	54	53	54	55	54	54	55	55	55	56	56	57	67	110	99	83	69	63	61	58	55	52	52	52	54	53	55	55	60	42	22	22	21	20	21	21	19	19	20	13	
36	47	47	48	47	39	26	46	44	41	52	42	41	41	38	57	55	49	41	40	41	42	45	36	39	42	43	38	34	44	40	41	42	34	43	48	142	149	153	183	137	148	162	209	182	203	229	222	183	202	190	26	21	20	19	18	17	18	21	25	27	33	37	40	42	43	43	44	43	44	46	46	47	47	48	48	49	50	50	49	51	51	51	52	53	53	52	53	54	54	54	55	55	54	54	54	55	56	55	56	75	146	154	160	159	155	162	161	166	155	137	117	96	81	70	64	50	25	23	23	20	21	20	20	20	20	20	18	
36	50	49	50	50	35	37	40	47	44	59	44	42	44	41	46	43	43	41	42	43	43	47	35	54	52	53	49	60	42	41	44	47	35	54	48	118	141	152	179	153	137	158	189	199	181	228	230	189	198	196	61	22	20	19	18	18	21	26	31	35	38	40	43	44	44	45	45	45	46	48	48	50	50	50	50	49	50	50	50	52	52	53	53	53	53	53	53	54	54	53	54	54	54	54	56	56	55	55	58	60	139	153	155	145	132	152	175	217	225	188	209	232	234	229	208	67	25	22	22	21	21	21	21	19	20	19	21	
40	52	54	52	46	37	45	46	50	62	49	47	45	46	50	42	45	48	36	43	45	47	45	35	45	46	45	38	48	42	45	50	38	40	42	42	78	141	151	162	175	131	153	169	213	173	217	230	229	218	195	128	23	20	19	18	23	28	34	39	41	42	44	45	45	45	46	46	48	47	49	50	51	51	51	51	50	50	51	51	51	51	53	52	53	53	54	54	54	54	54	54	54	54	54	56	56	56	57	57	59	112	151	158	154	172	197	200	209	212	198	202	218	224	229	238	162	26	22	22	21	20	21	21	19	20	19	21	
56	58	56	56	42	47	48	51	49	66	52	48	47	42	50	46	48	50	58	47	51	50	48	48	49	50	48	46	46	46	49	49	35	41	46	48	44	135	147	149	181	146	143	160	202	189	194	229	232	233	204	174	32	22	20	26	34	39	42	43	45	46	47	47	48	47	48	49	50	50	51	51	52	52	52	52	51	51	51	52	53	52	53	53	53	53	54	54	54	54	54	54	54	54	55	55	57	56	57	59	59	80	154	160	164	206	174	187	206	227	230	219	226	223	202	190	223	41	22	22	21	21	21	21	20	21	20	20	
60	63	60	61	41	46	44	53	51	64	57	53	48	43	46	48	49	48	63	51	52	50	45	53	51	49	48	47	45	49	53	47	39	46	49	51	47	107	142	151	172	163	131	157	182	208	174	223	230	232	227	203	87	27	34	37	38	40	40	43	45	44	46	47	47	48	48	50	50	52	52	52	52	52	53	53	52	52	52	53	54	53	54	54	54	54	54	54	54	54	54	54	54	54	55	55	57	57	58	59	60	62	144	162	162	192	156	158	177	217	223	191	219	235	234	205	200	103	24	22	21	20	21	21	21	20	20	20	
64	66	66	64	53	48	52	54	54	60	62	59	48	54	51	48	49	57	53	52	54	49	42	54	53	54	51	53	51	50	55	47	49	48	52	52	47	67	141	149	151	182	140	149	164	210	180	207	229	231	232	230	168	158	159	150	132	112	93	78	70	65	59	55	48	47	45	45	48	48	51	52	53	54	55	53	54	55	53	53	54	56	55	55	55	55	55	55	55	55	55	56	56	56	57	58	56	57	57	59	62	63	114	157	164	187	169	154	178	204	223	204	203	233	235	234	203	174	27	23	21	21	20	20	20	20	19	19	
61	57	54	54	50	55	62	54	59	82	77	73	80	54	49	47	50	63	58	54	55	45	49	57	58	59	50	56	56	54	58	43	49	51	57	49	51	49	123	145	151	177	154	138	159	194	197	184	228	230	231	215	186	228	233	232	235	235	234	229	220	195	170	181	167	155	138	117	97	82	75	71	70	65	61	56	53	52	50	51	53	54	54	54	54	54	55	55	55	55	56	56	56	56	57	57	57	57	57	60	62	64	87	158	167	174	188	170	179	193	224	217	189	230	234	236	219	218	50	23	22	22	21	21	20	20	20	20	
65	66	73	58	48	55	61	50	61	59	50	50	62	54	54	53	53	74	68	67	69	62	54	56	56	58	48	62	57	56	57	58	52	53	61	50	57	51	88	142	150	157	176	134	155	175	213	171	218	229	231	226	206	221	219	218	217	218	218	218	217	203	195	221	226	230	233	235	236	234	228	219	206	193	183	173	161	148	132	115	97	84	75	69	66	63	61	58	56	55	53	54	55	54	56	56	58	58	60	60	61	63	67	145	168	174	202	206	227	227	225	224	194	216	234	235	233	210	123	25	23	21	21	21	21	21	20	20	
69	68	68	47	55	58	62	50	72	67	63	60	57	52	57	57	50	67	60	62	62	46	56	57	57	56	49	41	52	57	63	54	54	57	61	47	55	53	53	140	147	148	179	147	146	163	205	188	196	227	231	232	233	236	233	231	229	228	231	232	235	225	221	222	219	217	217	219	218	218	218	218	219	217	218	223	228	232	235	236	234	235	228	225	213	202	188	178	167	155	144	127	113	98	85	78	72	68	67	64	63	62	61	114	161	194	215	192	224	229	226	226	202	203	233	235	236	212	190	29	23	21	21	21	20	20	20	20	
69	72	66	64	62	60	61	55	69	61	63	65	63	58	58	57	59	64	64	65	69	56	60	62	58	53	51	46	50	52	46	55	59	61	58	51	56	56	51	106	142	151	168	165	136	158	187	205	175	227	231	231	232	232	234	234	234	234	233	234	234	234	232	232	236	235	233	230	229	230	232	234	238	234	229	223	220	217	199	181	212	215	216	215	215	216	219	224	226	232	234	235	234	235	233	228	219	204	187	168	159	164	157	154	184	207	207	198	190	190	187	184	184	207	233	234	235	227	217	64	23	22	21	21	21	21	20	20	
69	73	58	74	64	62	56	82	69	67	66	68	74	59	56	56	61	60	69	68	68	66	65	65	64	52	49	48	54	56	55	56	61	65	52	63	60	61	60	73	142	149	148	182	141	152	170	213	178	209	228	231	232	232	234	234	234	234	234	235	235	235	235	234	236	235	235	235	235	234	235	235	234	235	235	235	236	234	230	217	226	229	231	234	233	232	227	222	218	217	216	217	216	215	216	216	215	213	213	187	220	233	233	236	234	232	232	218	203	232	233	230	231	233	234	237	235	235	207	135	25	22	21	21	21	21	20	20	
73	76	58	85	83	82	81	92	70	68	69	64	69	66	64	51	69	62	71	71	61	70	65	68	68	56	45	53	56	51	76	63	64	68	54	73	65	64	65	66	131	145	149	176	155	142	161	201	195	187	229	230	232	232	233	234	234	235	234	234	235	235	235	235	236	236	236	236	235	235	235	235	235	235	236	236	235	235	235	236	234	234	234	234	235	235	235	235	234	232	231	229	228	230	232	234	233	227	205	220	216	216	216	217	217	217	219	215	198	232	232	232	232	232	235	236	237	237	217	190	31	24	22	22	21	20	21	21	
76	80	60	71	74	69	74	59	69	71	73	67	92	75	78	79	73	64	71	72	64	74	69	68	68	63	49	54	53	51	69	65	64	66	63	70	66	68	62	67	102	141	149	156	177	139	157	181	211	171	220	229	232	232	232	236	228	221	233	233	235	235	235	235	236	236	235	235	235	235	235	235	235	235	235	235	235	235	235	236	234	234	234	234	235	235	234	234	234	234	234	235	234	234	233	233	234	234	232	235	235	235	232	230	228	230	233	222	231	233	233	233	234	233	235	235	237	237	228	205	83	23	22	22	21	20	21	21	
81	82	64	68	72	73	66	79	69	69	76	67	91	74	70	70	65	67	72	73	67	70	67	66	69	73	56	57	58	56	68	62	57	68	73	73	74	70	57	73	66	140	147	146	178	151	147	166	210	186	199	228	232	233	234	231	138	167	197	229	234	236	233	234	236	234	235	234	232	234	235	234	235	235	235	235	235	235	235	235	235	235	235	235	235	235	235	235	235	235	235	235	236	236	236	236	236	236	236	236	236	236	236	236	235	235	234	234	235	235	235	234	234	234	235	235	235	236	233	207	160	26	23	21	22	21	22	22	
81	83	65	71	71	68	67	88	71	70	79	76	81	72	75	75	65	70	74	76	71	54	47	47	45	73	55	60	56	62	74	67	62	60	72	73	74	72	62	69	59	117	143	150	167	167	138	161	193	204	177	227	231	232	234	235	144	126	181	205	199	200	206	213	214	217	218	180	180	221	234	235	235	235	234	234	235	235	235	235	235	235	235	235	235	235	235	235	235	235	235	235	235	235	235	235	235	235	235	235	235	235	235	235	235	235	235	235	235	235	235	235	234	234	235	235	234	235	237	217	210	40	23	21	23	22	22	22	
86	87	68	72	80	89	76	94	74	69	76	70	79	77	78	74	66	72	73	75	66	51	48	49	42	63	57	59	62	67	74	75	71	66	75	75	73	76	58	75	55	83	143	150	147	181	146	153	172	214	178	211	229	231	232	218	193	233	234	233	236	235	231	225	221	210	171	198	193	195	196	197	199	205	210	214	216	219	221	227	232	234	236	234	236	236	235	234	234	235	234	235	234	235	234	234	235	235	235	235	235	235	235	235	234	236	235	235	236	236	235	234	234	234	234	234	235	237	237	234	210	106	25	22	22	22	22	22	
90	88	70	71	65	61	74	89	77	76	75	68	76	80	80	75	65	72	73	75	58	54	45	46	45	60	57	61	63	64	77	81	74	62	75	75	77	74	57	73	75	79	140	147	148	174	158	144	163	203	196	188	229	231	233	219	204	216	218	215	202	212	220	224	226	178	217	232	232	234	235	236	234	231	226	222	218	216	214	211	205	201	197	199	205	209	214	217	217	219	224	227	232	234	235	235	234	234	234	234	234	234	234	234	234	235	235	235	235	235	235	234	234	234	234	234	235	236	237	238	218	174	27	23	21	21	22	22	
94	85	81	74	64	62	66	85	82	84	81	69	75	80	81	72	74	71	73	79	59	56	46	48	48	64	64	64	68	60	77	83	77	61	75	83	78	73	57	70	69	67	111	143	150	155	179	140	158	184	213	174	222	231	232	236	232	200	230	215	216	220	218	218	219	213	221	221	216	216	214	215	218	221	225	227	225	227	231	234	236	237	236	235	234	229	224	221	218	214	213	209	204	200	198	199	202	206	212	214	216	219	222	222	221	226	234	235	234	234	234	233	232	230	231	232	233	234	235	237	231	213	54	24	22	21	21	21	
75	84	82	85	64	65	75	93	89	89	89	77	80	84	82	75	67	76	76	76	61	63	53	54	53	75	71	74	79	65	83	88	84	66	80	87	82	83	62	63	67	70	84	144	148	147	178	153	149	167	212	188	199	230	233	234	211	182	201	194	197	198	198	198	197	184	195	197	204	210	215	219	221	222	220	221	222	225	224	223	221	218	220	218	220	224	226	228	229	230	235	234	235	236	237	235	233	231	225	222	219	216	206	180	173	177	194	198	200	202	205	208	210	211	212	220	231	232	234	235	236	214	130	26	22	21	21	21	
89	92	77	78	68	64	77	83	59	66	71	61	83	91	85	81	67	83	87	85	87	67	53	56	55	70	79	84	86	75	85	85	84	66	79	86	84	88	74	62	63	66	81	118	143	150	168	170	140	161	193	206	176	228	231	233	215	191	155	165	183	195	198	195	193	189	187	192	193	194	197	199	201	201	202	202	202	202	203	206	209	214	218	221	222	222	223	222	223	225	225	225	221	220	221	220	222	224	226	230	233	226	184	208	235	233	236	235	233	233	227	221	216	211	205	197	190	223	233	235	237	223	193	30	22	22	21	21	
91	94	81	74	70	72	79	80	79	78	84	66	82	81	85	79	57	75	78	78	74	69	66	60	61	82	84	92	78	81	80	91	83	67	81	66	74	76	84	68	68	66	85	90	142	151	149	185	147	153	174	215	180	210	230	233	225	198	101	24	22	24	31	49	76	97	109	119	132	153	174	192	201	201	198	197	196	198	199	199	201	201	201	203	203	202	203	203	202	201	203	205	208	214	217	221	222	222	222	221	221	213	222	222	217	216	214	215	217	221	221	218	186	218	230	226	212	193	231	234	236	234	215	76	23	22	21	21	
88	93	88	90	72	74	82	78	77	81	87	76	89	81	83	83	66	88	87	87	108	83	70	64	76	78	89	91	90	63	83	86	86	71	73	90	91	83	65	73	71	67	89	65	139	146	151	174	159	143	164	203	200	188	227	232	195	203	179	28	20	19	18	18	19	19	19	19	20	18	19	13	19	34	54	77	98	110	124	137	160	182	197	203	202	198	196	196	197	199	198	199	201	202	201	202	201	201	201	201	201	191	200	200	204	210	217	220	221	220	215	180	156	158	181	205	223	189	218	232	236	237	217	149	25	23	22	23	
91	94	89	97	88	83	76	80	78	81	83	71	82	84	90	95	82	84	83	90	71	86	75	72	85	71	93	97	95	77	86	90	90	80	73	98	100	97	63	79	73	76	89	74	123	142	152	156	180	142	159	182	215	177	216	229	192	201	215	90	22	19	18	18	19	19	17	17	17	17	16	13	10	10	11	8	9	10	11	13	10	11	12	21	36	57	82	99	114	127	140	161	184	197	202	199	197	196	195	195	194	189	195	194	196	199	201	202	202	201	193	175	182	160	166	184	220	204	200	231	234	235	231	199	36	24	22	22	
93	94	88	106	93	96	91	104	81	84	78	71	98	88	93	96	74	82	84	90	71	81	81	83	86	74	93	100	100	82	80	88	89	86	74	101	103	98	69	80	82	79	91	79	96	145	150	150	179	154	147	167	209	194	193	229	221	227	203	178	25	18	18	18	17	17	17	17	15	16	15	14	9	8	7	6	7	8	8	7	7	8	10	10	8	9	9	11	13	15	14	15	15	16	30	52	73	90	107	116	128	131	147	166	182	198	203	200	197	188	167	168	187	172	154	175	210	219	183	226	232	235	233	206	92	25	23	22	
86	90	86	96	95	88	77	75	83	85	84	82	81	76	77	77	75	83	83	88	81	85	82	79	87	77	93	96	97	78	85	85	84	86	71	94	96	96	75	90	92	89	98	81	90	134	144	152	169	172	139	161	190	212	177	222	230	234	212	219	60	19	18	18	17	17	17	17	15	14	15	14	13	14	14	13	12	11	9	8	8	8	7	8	8	8	8	9	9	9	10	12	15	15	21	26	30	33	28	29	35	37	37	29	55	68	82	90	105	135	158	167	168	191	155	167	194	222	194	210	231	234	236	212	154	24	24	22	
86	85	89	80	85	86	83	71	87	92	88	82	77	92	94	91	79	73	85	85	86	63	76	81	74	84	91	93	89	80	85	80	80	71	82	87	97	99	82	81	96	106	106	90	91	114	142	150	149	183	148	153	171	214	186	201	229	233	229	204	153	23	19	17	17	17	17	17	16	15	14	13	15	20	21	22	23	24	25	24	25	25	16	6	7	5	6	6	7	7	10	13	15	17	20	26	29	30	26	28	33	35	36	31	70	67	71	77	82	99	156	162	161	189	167	161	181	219	210	194	232	234	237	222	201	47	25	22	
71	67	60	52	49	51	60	59	68	83	86	82	71	96	96	97	100	66	87	85	84	64	75	86	85	80	85	94	89	88	82	85	81	75	69	91	97	98	93	68	85	93	98	96	91	93	145	146	150	175	162	142	153	185	205	178	226	231	233	208	219	41	18	17	17	17	17	17	16	15	13	13	15	19	22	23	26	26	27	29	31	28	18	7	6	5	5	5	6	6	10	15	18	22	19	25	30	31	26	28	28	29	30	37	86	69	67	72	78	87	143	157	164	178	181	155	175	209	224	189	223	234	236	238	192	106	25	22	
87	95	90	92	85	76	61	55	50	48	48	50	39	40	56	93	100	66	79	82	82	60	76	83	71	82	71	88	94	92	80	80	79	87	70	89	96	96	93	66	75	74	73	74	89	92	129	140	148	152	182	140	152	153	208	181	207	229	232	227	209	125	21	18	18	17	17	16	15	14	13	14	17	19	23	25	28	29	32	33	30	21	19	12	4	5	5	5	6	6	9	14	18	21	19	27	28	32	29	28	34	38	44	48	110	81	69	70	78	87	121	152	161	157	190	162	168	196	225	206	204	234	235	237	228	178	28	24	
105	81	83	89	91	77	78	79	80	77	71	68	64	48	37	74	77	56	64	64	67	61	63	67	67	73	67	81	82	86	74	72	76	85	84	74	91	93	94	74	87	86	90	80	85	93	105	143	146	146	177	153	144	141	146	173	183	227	231	232	203	207	29	19	18	17	17	16	16	13	13	17	20	22	25	29	32	34	34	33	23	20	20	16	5	4	5	5	5	6	9	15	17	21	19	27	29	32	30	26	32	38	46	67	75	73	73	72	77	87	98	152	158	158	182	170	156	181	225	225	197	214	231	236	237	214	68	24	
143	68	67	67	74	77	77	80	82	81	79	71	70	26	29	53	32	15	38	55	61	60	57	54	60	63	59	71	76	84	75	75	69	76	88	71	85	93	91	71	85	83	86	84	75	87	92	139	140	147	161	173	128	145	181	210	173	212	229	232	216	213	94	19	19	17	17	15	14	14	16	20	23	26	31	34	36	36	36	28	20	19	19	19	8	5	6	5	5	7	10	15	20	22	22	26	29	31	31	26	38	39	54	70	92	85	78	78	81	85	95	137	151	156	158	186	152	167	216	232	229	214	206	202	204	213	144	26	
150	75	69	68	67	67	66	71	80	87	82	73	68	15	64	125	40	6	36	47	39	49	71	49	53	56	60	60	66	72	69	86	74	68	79	76	79	84	82	76	75	79	80	77	74	81	84	115	139	146	143	183	138	147	167	210	192	191	228	231	228	196	152	23	19	18	16	14	13	17	21	24	30	34	36	36	38	37	32	21	20	19	19	18	12	6	6	5	4	6	8	15	20	24	24	24	30	34	33	27	39	47	60	77	79	74	82	86	87	93	98	126	150	152	147	172	153	171	193	203	209	215	223	225	228	228	202	36	
90	121	77	65	65	64	63	62	72	81	76	69	61	80	132	92	32	4	11	18	30	38	46	47	39	41	50	58	69	63	66	73	80	74	74	74	83	73	73	78	78	82	79	69	70	79	82	89	139	140	146	160	153	140	161	196	210	175	222	230	231	197	209	59	19	18	16	14	18	22	29	35	36	37	36	37	38	36	22	19	19	19	19	19	15	7	6	6	6	7	8	14	18	24	24	21	27	28	33	28	36	46	63	85	60	71	80	85	86	95	107	114	150	148	146	160	188	213	221	221	222	222	221	217	216	201	197	97	
81	109	87	65	65	64	64	62	65	72	72	68	93	133	100	25	6	6	23	57	94	92	64	38	47	36	40	49	55	54	52	52	72	61	62	64	77	70	65	65	66	82	76	74	70	73	73	73	122	137	144	148	181	143	156	178	213	184	202	229	231	223	202	152	23	17	16	20	27	37	41	42	42	41	40	38	38	26	20	20	20	20	19	19	18	10	7	7	9	9	8	14	20	26	28	20	26	27	28	26	31	44	63	95	56	75	81	84	86	91	104	112	138	144	161	174	181	189	192	197	202	205	209	214	220	211	205	168	
159	175	86	62	65	65	66	66	65	75	71	72	137	116	27	5	5	28	69	88	97	98	93	85	55	21	15	19	34	46	62	60	67	62	55	62	66	81	71	75	79	82	76	82	87	81	78	69	96	139	147	148	178	146	148	166	209	204	181	227	230	230	202	220	41	20	22	34	40	43	45	46	45	45	43	39	30	21	21	21	21	20	20	19	18	15	8	11	9	10	10	16	22	28	30	23	28	32	35	33	32	46	60	92	60	76	81	84	85	91	106	108	118	147	148	162	177	190	197	202	200	197	198	199	201	203	206	210	
87	101	53	37	43	51	58	64	66	68	70	122	135	39	6	6	24	79	100	105	102	95	86	76	65	49	14	21	27	28	35	57	69	69	54	59	69	85	73	74	73	80	83	84	91	84	66	68	76	138	143	150	156	154	142	161	190	215	176	215	229	231	219	203	120	47	55	54	50	46	43	42	44	43	43	37	22	21	21	21	21	20	20	19	19	18	13	13	13	14	14	15	26	32	34	27	30	31	36	37	30	48	54	92	64	73	89	85	84	89	99	110	103	103	81	85	81	73	84	81	103	117	128	135	145	153	160	165	
66	67	61	61	61	55	53	50	51	59	63	150	100	9	7	17	83	110	104	102	97	90	81	69	58	51	34	14	31	35	54	49	68	73	60	69	71	80	81	77	78	68	87	82	87	83	68	72	73	115	140	151	147	183	152	154	174	212	194	194	228	230	230	203	189	210	196	188	174	165	156	146	129	107	71	27	22	22	22	22	21	21	20	20	19	18	15	16	18	18	19	17	31	37	37	33	30	37	39	42	34	47	51	91	83	52	81	94	98	97	95	99	103	102	90	79	78	81	82	68	86	89	90	83	83	89	91	84	
117	68	64	62	63	62	62	63	62	65	68	135	88	47	15	106	133	109	102	95	87	80	72	64	53	48	42	11	28	39	49	42	66	82	65	64	69	73	85	77	78	77	77	86	87	92	79	71	70	89	143	147	150	173	166	144	167	201	212	176	224	229	231	229	225	232	231	226	223	221	219	214	198	231	231	48	24	23	22	22	21	21	20	20	19	19	17	19	24	23	21	18	25	29	33	33	26	36	38	41	37	39	47	77	96	51	82	90	100	109	96	98	113	114	88	75	80	83	80	66	82	91	90	88	71	87	90	89	
81	108	73	70	69	65	65	64	64	62	95	104	96	102	125	212	222	219	175	98	81	72	65	54	49	46	44	20	45	47	40	47	60	63	70	65	72	75	84	75	77	77	79	86	86	90	89	77	74	88	129	144	151	153	184	148	160	186	216	185	205	230	231	232	233	234	236	237	237	238	238	236	222	193	239	126	25	23	21	22	21	21	21	21	20	20	19	22	31	30	28	26	25	28	30	31	27	28	29	29	27	34	41	57	80	60	63	73	81	84	94	98	100	101	91	74	74	77	79	65	73	84	85	83	67	89	90	88	
124	79	93	89	70	62	69	67	49	45	99	115	125	118	99	174	206	211	208	194	95	61	54	48	47	48	45	18	27	79	60	49	70	79	65	85	87	86	85	85	84	84	81	78	83	85	89	77	88	83	109	143	150	152	180	160	151	173	212	204	186	229	231	232	233	234	235	236	235	236	236	236	237	214	225	202	30	24	22	22	21	21	21	21	21	20	19	26	52	54	52	43	41	51	49	42	40	43	43	46	41	33	43	48	73	58	56	61	56	63	69	65	67	70	68	53	50	47	58	64	70	73	75	77	68	79	91	91	
146	98	67	117	132	127	94	66	49	61	112	122	115	109	138	219	222	219	217	213	196	83	48	49	49	61	60	30	35	51	69	54	82	82	72	88	93	93	88	85	82	84	87	74	84	85	88	86	88	72	86	139	145	151	162	181	146	167	197	218	180	220	231	233	233	234	236	236	235	235	235	236	237	233	207	242	76	25	22	22	21	22	21	21	21	20	21	31	55	62	65	59	45	60	66	69	58	64	66	74	79	56	61	70	79	74	49	62	67	69	68	61	68	69	66	66	65	73	78	74	63	65	68	68	60	67	79	75	
145	119	56	74	114	120	131	132	134	111	109	106	105	115	196	224	223	194	174	197	213	181	51	48	61	81	117	96	116	105	144	101	85	89	87	73	89	92	92	82	79	79	84	76	86	85	88	84	84	75	83	114	143	150	148	185	157	160	180	218	197	202	231	233	233	234	235	235	235	235	236	237	239	239	208	234	158	27	23	23	22	21	21	21	22	21	25	52	49	61	63	67	55	51	63	70	66	58	60	73	74	66	53	65	75	74	50	68	76	69	63	66	67	69	72	76	64	68	75	75	65	71	78	79	68	72	84	84	
147	144	78	66	117	119	114	117	120	101	91	90	94	169	219	223	199	129	219	217	208	210	96	56	124	111	123	91	178	177	185	91	86	88	90	77	91	91	95	85	90	82	81	82	81	84	86	86	78	82	84	86	143	146	152	171	169	150	170	211	213	183	227	230	232	233	233	233	235	235	235	236	237	237	227	213	229	39	23	23	23	22	21	22	21	23	52	67	50	52	60	68	63	49	58	66	70	57	58	67	74	77	49	61	73	72	67	59	71	61	67	69	70	67	67	72	80	64	73	75	70	67	70	75	71	68	77	90	
142	145	105	52	123	127	116	117	97	81	80	81	127	215	223	218	137	121	212	226	221	217	146	153	127	117	109	146	154	192	96	71	77	86	87	86	89	87	94	93	89	84	81	83	80	88	85	91	83	92	85	83	129	141	150	148	185	153	163	195	223	197	199	228	232	234	234	234	234	234	234	235	236	236	235	205	238	104	25	23	23	22	22	22	22	39	67	71	69	49	58	67	68	56	50	63	72	66	58	62	69	78	61	55	67	75	74	48	66	68	64	68	72	74	76	78	88	61	66	68	66	68	66	73	75	71	72	88	
132	127	119	62	111	134	140	96	77	72	66	95	214	225	222	165	114	122	165	223	224	221	198	155	126	77	142	93	103	96	82	78	68	81	82	83	79	85	93	93	89	87	81	83	80	81	80	89	91	84	90	87	108	140	145	145	176	161	148	175	224	226	212	198	194	193	194	197	203	207	213	216	218	221	224	214	217	168	27	24	24	22	23	24	33	49	68	73	75	64	57	68	70	69	46	58	70	68	61	56	67	74	66	51	64	75	73	56	67	86	73	70	72	73	74	80	93	69	61	68	64	68	72	77	80	74	72	80	
140	145	115	73	100	137	114	77	72	71	68	180	225	225	204	116	116	131	171	192	217	215	191	114	87	97	203	175	81	83	74	77	68	79	83	81	74	83	91	88	86	90	79	77	78	79	85	85	91	82	87	83	84	134	140	143	146	174	157	168	215	225	230	234	237	235	235	235	234	229	226	223	221	221	222	223	196	182	53	24	24	22	24	27	66	63	59	71	73	78	58	59	59	62	44	52	68	74	70	51	53	55	63	60	64	65	70	71	58	85	79	76	70	71	73	82	87	82	55	71	70	66	66	72	81	74	71	71	
117	142	146	103	58	113	75	71	73	67	121	224	226	223	135	116	125	153	191	205	219	217	120	106	73	121	157	219	133	86	76	71	76	78	87	88	87	75	88	92	92	87	91	84	84	89	90	81	86	85	83	76	79	117	135	140	134	152	192	221	235	235	229	223	222	222	218	221	224	227	232	233	235	238	238	239	206	236	136	27	23	23	23	51	69	64	54	70	73	75	71	49	57	66	66	49	65	71	76	57	51	61	66	63	52	68	75	75	56	74	84	75	67	65	70	73	78	86	55	76	74	68	65	72	79	76	71	79	
105	116	143	123	57	77	67	70	73	86	203	225	226	175	117	121	138	182	200	215	226	144	122	76	89	84	109	159	158	83	76	72	79	64	85	89	90	76	86	91	90	87	90	87	88	77	89	81	85	86	81	84	82	88	141	137	144	160	173	182	191	201	206	208	212	218	220	226	227	233	244	245	242	241	236	216	198	216	197	30	24	24	37	53	46	57	60	53	71	73	74	56	61	69	75	56	56	71	69	65	53	63	65	66	61	69	75	80	72	57	81	77	70	66	65	73	79	86	75	74	76	72	69	72	71	73	71	76	
141	98	127	142	80	66	68	67	66	172	225	225	208	119	116	131	168	197	211	223	182	122	90	84	81	83	97	99	95	82	83	76	79	72	83	87	91	85	78	93	89	93	86	85	88	86	76	89	87	90	82	86	79	87	122	167	178	173	172	173	179	185	190	194	195	197	199	200	202	204	208	211	211	215	216	211	208	212	213	77	26	33	69	56	62	71	67	58	58	72	72	72	52	62	71	68	48	60	64	71	57	49	60	71	69	60	71	78	79	56	66	75	71	69	67	66	68	68	73	68	76	72	72	67	71	79	79	75	
144	135	109	125	71	66	68	61	123	224	226	224	143	118	124	151	193	208	218	213	120	107	86	85	86	73	85	91	93	87	75	80	78	80	72	87	90	92	76	93	92	91	81	86	89	90	77	89	84	89	88	85	84	86	95	77	87	100	110	103	117	147	162	181	193	200	202	198	196	196	198	200	201	203	205	206	206	208	209	147	28	60	68	66	56	66	65	66	53	69	71	73	62	62	71	71	55	56	65	69	64	47	62	66	70	60	69	75	74	65	65	79	75	68	63	66	72	69	73	66	73	75	71	65	67	78	79	73	